%YAML:1.0
---
calibration_time: "Sat Nov 19 04:43:27 2016"
nframes: 10
image_width: 1280
image_height: 720
board_width: 4
board_height: 4
square_size: 2.5000000372529030e-02
aspectRatio: 1.
flags: 2
camera_matrix: !!opencv-matrix
   rows: 3
   cols: 3
   dt: d
   data: [ 1.7229215775313457e+03, 0., 6.1336165381530907e+02, 0.,
       1.7229215775313457e+03, 3.8047745333276322e+02, 0., 0., 1. ]
distortion_coefficients: !!opencv-matrix
   rows: 5
   cols: 1
   dt: d
   data: [ -2.2328525045953254e+00, 2.4195612349255072e+02,
       4.9528444973989387e-02, -1.1045234351445424e-02,
       4.0967184650327049e+00 ]
avg_reprojection_error: 1.9170803964582336e-01
per_view_reprojection_errors: !!opencv-matrix
   rows: 10
   cols: 1
   dt: f
   data: [ 1.84602767e-01, 1.82604730e-01, 1.93368345e-01,
       1.83131382e-01, 1.46132410e-01, 2.75014371e-01, 1.86325073e-01,
       1.78857267e-01, 1.91029519e-01, 1.70240447e-01 ]
extrinsic_parameters: !!opencv-matrix
   rows: 10
   cols: 6
   dt: d
   data: [ -1.0438034722648702e-01, 9.0719431673774997e-02,
       1.1218342511960329e-02, -3.2642855950775353e-02,
       -7.0591431859965748e-02, 1.0488496526163928e+00,
       -1.4104316288582872e-01, 4.9665444840479675e-02,
       1.1846175549615406e-02, -3.3414854203072025e-02,
       -6.8367799618336542e-02, 1.0342194711398780e+00,
       -1.4441135770893176e-01, 7.7770956853320333e-02,
       4.1971270454587099e-03, -2.8891165196903212e-02,
       -6.2924065425771697e-02, 1.0415285003118222e+00,
       -1.3568914863289291e-01, 6.6492241453258383e-02,
       1.1292036053157310e-02, -2.9805280335390021e-02,
       -6.0533065649503469e-02, 1.0410012988517399e+00,
       -1.0860111386861536e-01, 7.1624029411849865e-02,
       1.6825850814939341e-03, -3.3921335573298628e-02,
       -5.7780736066751222e-02, 1.0375537570224866e+00,
       -1.4776799278270611e-01, 6.8664957760702403e-02,
       1.4682195267572947e-03, -2.8074711567909059e-02,
       -5.5827166976102148e-02, 1.0419504552904857e+00,
       -1.1047649917870925e-01, 6.2403632274430465e-02,
       4.5237088309865543e-03, -2.7009338261286198e-02,
       -5.6411292252675355e-02, 1.0374274403602093e+00,
       -1.2486541684858660e-01, 7.4922004229767192e-02,
       6.5250663673629993e-04, -2.8575974763335295e-02,
       -5.3086249489195200e-02, 1.0478501625310301e+00,
       -1.4773398345531993e-01, 1.2738379368974023e-01,
       5.1711372767079323e-04, -2.7379566552072403e-02,
       -5.4672764857772595e-02, 1.0500074890573872e+00,
       -3.7529709270216233e-02, 2.2358064969635708e-01,
       1.5771009041790962e+00, 7.1357103922248491e-02,
       -5.9560433823063419e-02, 1.0771800259073683e+00 ]
image_points: !!opencv-matrix
   rows: 10
   cols: 16
   dt: "2f"
   data: [ 5.60098450e+02, 2.66197510e+02, 6.00618652e+02,
       2.66633911e+02, 6.41431458e+02, 2.66300262e+02, 6.81859436e+02,
       2.66514343e+02, 5.59170471e+02, 3.05938263e+02, 5.99944031e+02,
       3.05804718e+02, 6.40921204e+02, 3.06167389e+02, 6.81751648e+02,
       3.06336945e+02, 5.58472046e+02, 3.46347107e+02, 5.99355469e+02,
       3.46459351e+02, 6.40447144e+02, 3.46605927e+02, 6.81305603e+02,
       3.47112701e+02, 5.57377319e+02, 3.87275635e+02, 5.98553406e+02,
       3.87330017e+02, 6.39925476e+02, 3.87513641e+02, 6.80904968e+02,
       3.88129395e+02, 5.58185608e+02, 2.68264008e+02, 5.99388672e+02,
       2.68753967e+02, 6.40686523e+02, 2.68572998e+02, 6.81592529e+02,
       2.69301666e+02, 5.57309326e+02, 3.08242126e+02, 5.98435913e+02,
       3.08431152e+02, 6.40288330e+02, 3.08710541e+02, 6.81667480e+02,
       3.09199310e+02, 5.56258606e+02, 3.49092377e+02, 5.97841125e+02,
       3.49332306e+02, 6.39720520e+02, 3.49580475e+02, 6.81479431e+02,
       3.49969757e+02, 5.55198853e+02, 3.90411713e+02, 5.97199341e+02,
       3.90926208e+02, 6.39518494e+02, 3.91182037e+02, 6.81048889e+02,
       3.91646423e+02, 5.65850464e+02, 2.77893188e+02, 6.06747070e+02,
       2.77936096e+02, 6.47764282e+02, 2.77340668e+02, 6.88633911e+02,
       2.77274170e+02, 5.65464233e+02, 3.17629791e+02, 6.06263977e+02,
       3.17019684e+02, 6.47798889e+02, 3.17352692e+02, 6.88825745e+02,
       3.17495667e+02, 5.64530273e+02, 3.58108063e+02, 6.05908569e+02,
       3.58147369e+02, 6.47313904e+02, 3.58066650e+02, 6.88768127e+02,
       3.58226166e+02, 5.63868225e+02, 3.99602814e+02, 6.05507751e+02,
       3.99312927e+02, 6.47199280e+02, 3.99251221e+02, 6.89081543e+02,
       3.99372192e+02, 5.64333435e+02, 2.81490814e+02, 6.05361938e+02,
       2.82195618e+02, 6.46432373e+02, 2.81891083e+02, 6.87377869e+02,
       2.82293640e+02, 5.63491272e+02, 3.21550842e+02, 6.04468628e+02,
       3.21658844e+02, 6.45862732e+02, 3.21795654e+02, 6.87246338e+02,
       3.22459625e+02, 5.62459656e+02, 3.62382324e+02, 6.03877319e+02,
       3.62427124e+02, 6.45574097e+02, 3.62800171e+02, 6.86735901e+02,
       3.63096832e+02, 5.61695984e+02, 4.03603943e+02, 6.03297546e+02,
       4.03886292e+02, 6.45132080e+02, 4.04185364e+02, 6.86615723e+02,
       4.04541931e+02, 5.57519043e+02, 2.85757874e+02, 5.98429993e+02,
       2.85838470e+02, 6.39805298e+02, 2.85329254e+02, 6.80729553e+02,
       2.85230438e+02, 5.56883911e+02, 3.26030182e+02, 5.98150330e+02,
       3.25731110e+02, 6.39700439e+02, 3.25664062e+02, 6.80741455e+02,
       3.25662964e+02, 5.56429932e+02, 3.67082123e+02, 5.97871826e+02,
       3.66941681e+02, 6.39578796e+02, 3.66930756e+02, 6.81156921e+02,
       3.66858643e+02, 5.55905212e+02, 4.08710815e+02, 5.97499451e+02,
       4.08598358e+02, 6.39602051e+02, 4.08587921e+02, 6.81154175e+02,
       4.08463196e+02, 5.67283264e+02, 2.89366730e+02, 6.08090881e+02,
       2.89653107e+02, 6.49382507e+02, 2.88557312e+02, 6.90109619e+02,
       2.88755737e+02, 5.66465881e+02, 3.29206696e+02, 6.07777771e+02,
       3.28854034e+02, 6.49304871e+02, 3.28648895e+02, 6.90332336e+02,
       3.28868591e+02, 5.66188049e+02, 3.70013000e+02, 6.07543396e+02,
       3.69431549e+02, 6.49220093e+02, 3.69371796e+02, 6.90324890e+02,
       3.69605255e+02, 5.65641113e+02, 4.11341370e+02, 6.07435425e+02,
       4.11092590e+02, 6.49319580e+02, 4.11007812e+02, 6.90552917e+02,
       4.11305481e+02, 5.68514954e+02, 2.87804718e+02, 6.09996704e+02,
       2.88272552e+02, 6.51294373e+02, 2.87759552e+02, 6.92238953e+02,
       2.88093628e+02, 5.68264648e+02, 3.28421356e+02, 6.09639404e+02,
       3.28207947e+02, 6.51000244e+02, 3.28211334e+02, 6.92300049e+02,
       3.28384674e+02, 5.67712097e+02, 3.69340637e+02, 6.09321411e+02,
       3.69390961e+02, 6.50921814e+02, 3.69525116e+02, 6.92345520e+02,
       3.69489990e+02, 5.67148804e+02, 4.10862427e+02, 6.08915466e+02,
       4.10956635e+02, 6.50753235e+02, 4.11059998e+02, 6.92424316e+02,
       4.11224274e+02, 5.66539551e+02, 2.94388458e+02, 6.07339417e+02,
       2.94169617e+02, 6.48270752e+02, 2.93564941e+02, 6.88765076e+02,
       2.93550659e+02, 5.66250366e+02, 3.34106079e+02, 6.07123047e+02,
       3.33754425e+02, 6.48285583e+02, 3.33521301e+02, 6.89117249e+02,
       3.33657410e+02, 5.65681396e+02, 3.74688446e+02, 6.06776123e+02,
       3.74610107e+02, 6.48432251e+02, 3.74568573e+02, 6.89206360e+02,
       3.74509216e+02, 5.65288696e+02, 4.16036621e+02, 6.06655457e+02,
       4.15875366e+02, 6.48141235e+02, 4.15480743e+02, 6.89366699e+02,
       4.15778503e+02, 5.68603210e+02, 2.92018433e+02, 6.09087952e+02,
       2.91499878e+02, 6.49662964e+02, 2.90568329e+02, 6.90399597e+02,
       2.90113342e+02, 5.68171631e+02, 3.31597137e+02, 6.08404846e+02,
       3.31049500e+02, 6.49679504e+02, 3.30503296e+02, 6.90344971e+02,
       3.30324829e+02, 5.67338989e+02, 3.71755646e+02, 6.08144348e+02,
       3.71416626e+02, 6.49455994e+02, 3.71177368e+02, 6.90437195e+02,
       3.70890533e+02, 5.66917725e+02, 4.12817413e+02, 6.07697021e+02,
       4.12490997e+02, 6.49314392e+02, 4.12401550e+02, 6.90413574e+02,
       4.12307739e+02, 7.26130066e+02, 2.86846344e+02, 7.25883728e+02,
       3.25210663e+02, 7.25625488e+02, 3.64600830e+02, 7.25494751e+02,
