%YAML:1.0
---
calibration_time: "Sat Nov 19 04:11:55 2016"
nframes: 10
image_width: 1280
image_height: 720
board_width: 4
board_height: 4
square_size: 2.5000000372529030e-02
aspectRatio: 1.
flags: 2
camera_matrix: !!opencv-matrix
   rows: 3
   cols: 3
   dt: d
   data: [ 1.0184065081073521e+03, 0., 6.1826513054131749e+02, 0.,
       1.0184065081073521e+03, 4.2103437792561152e+02, 0., 0., 1. ]
distortion_coefficients: !!opencv-matrix
   rows: 5
   cols: 1
   dt: d
   data: [ -2.6010723834626925e-01, 8.5252224410503974e+00,
       6.9457411475348724e-03, 1.3445225947168335e-02,
       -5.0323901282475589e+01 ]
avg_reprojection_error: 5.9509515129739132e-01
per_view_reprojection_errors: !!opencv-matrix
   rows: 10
   cols: 1
   dt: f
   data: [ 2.46512040e-01, 2.51284093e-01, 3.03441912e-01,
       2.70602614e-01, 4.49933410e-01, 1.13017857e+00, 2.87071884e-01,
       5.36182046e-01, 8.95910561e-01, 7.74510682e-01 ]
extrinsic_parameters: !!opencv-matrix
   rows: 10
   cols: 6
   dt: d
   data: [ -2.0882543461186684e-01, -7.4269185527462603e-02,
       3.0458913618401928e-02, -1.6267627740018911e-02,
       -5.1823028670747985e-02, 4.5362527984112289e-01,
       -2.0946428363122549e-01, -7.3885593267936450e-02,
       3.1539235849736225e-02, -1.5674531870118795e-02,
       -5.2403322135096617e-02, 4.5317823534585089e-01,
       -2.0102143110623147e-01, -7.6690345027467660e-02,
       2.9763247652037760e-02, -7.4940144770254480e-03,
       -5.4361789210859601e-02, 4.5741370152424010e-01,
       -1.7186223287291411e-01, -2.4667666682551128e-02,
       3.4940315711229540e-02, 1.9458967186195494e-03,
       -5.7087102033556887e-02, 4.8717268633330224e-01,
       -2.0768379629424244e-01, -5.4092645006311635e-01,
       5.4702593686347008e-02, -5.5363128093295425e-02,
       -5.2314591047774056e-02, 4.2944783866968922e-01,
       -2.2099912613085693e-01, -4.9928240392351952e-01,
       6.2519510341083467e-02, -5.3607887897543907e-02,
       -4.6898955177121955e-02, 4.3019151681163592e-01,
       -1.1826469433515402e-01, 8.9746720204044311e-02,
       1.2177314941218069e-01, 3.3423559805411097e-03,
       -6.9932345266893209e-02, 5.5077150050534296e-01,
       -1.8279190957537350e-01, 5.0786066015955523e-03,
       9.3653928613428680e-02, 1.0909234259108908e-02,
       -3.1615002542803930e-02, 5.0514242319556635e-01,
       -2.2131595211812975e-03, -2.5619271821786765e-01,
       9.3020393935201423e-02, -1.0464571503081145e-02,
       -4.6085645923567342e-02, 3.2577602645766246e-01,
       8.9869504864743283e-03, -4.2237166342320520e-01,
       1.4649065673179257e-01, -2.0559584810320543e-04,
       -6.2381609175737283e-02, 2.6558097798306241e-01 ]
image_points: !!opencv-matrix
   rows: 10
   cols: 16
   dt: "2f"
   data: [ 5.82356567e+02, 3.05433289e+02, 6.37769958e+02,
       3.07721283e+02, 6.93268311e+02, 3.10026489e+02, 7.48254883e+02,
       3.12081116e+02, 5.80326965e+02, 3.59058838e+02, 6.36495972e+02,
       3.61573486e+02, 6.92637085e+02, 3.63818939e+02, 7.48370422e+02,
       3.66000824e+02, 5.78386230e+02, 4.14141541e+02, 6.35528809e+02,
       4.16588104e+02, 6.92346191e+02, 4.19023285e+02, 7.48878235e+02,
       4.21013397e+02, 5.76348083e+02, 4.70703644e+02, 6.34475281e+02,
       4.73044067e+02, 6.92306885e+02, 4.75318207e+02, 7.49443481e+02,
       4.77312195e+02, 5.83660095e+02, 3.03967133e+02, 6.39054016e+02,
       3.06518127e+02, 6.94624817e+02, 3.08692413e+02, 7.49697754e+02,
       3.10876190e+02, 5.81580200e+02, 3.57601715e+02, 6.37786255e+02,
       3.60367493e+02, 6.94036743e+02, 3.62555176e+02, 7.49920410e+02,
       3.64747589e+02, 5.79614136e+02, 4.12764648e+02, 6.36711060e+02,
       4.15231964e+02, 6.93685974e+02, 4.17743347e+02, 7.50263855e+02,
       4.19728271e+02, 5.77555176e+02, 4.69358093e+02, 6.35668518e+02,
       4.71847015e+02, 6.93580505e+02, 4.74160583e+02, 7.50702271e+02,
       4.76348083e+02, 6.02123657e+02, 3.00870270e+02, 6.57090210e+02,
       3.03080048e+02, 7.11934448e+02, 3.05176331e+02, 7.66438721e+02,
       3.07117676e+02, 6.00372070e+02, 3.53835907e+02, 6.55978088e+02,
       3.56525940e+02, 7.11832397e+02, 3.58718079e+02, 7.67008362e+02,
       3.60813385e+02, 5.98935913e+02, 4.08544312e+02, 6.55242676e+02,
       4.10814758e+02, 7.11518372e+02, 4.13360443e+02, 7.67599548e+02,
       4.15290863e+02, 5.97087646e+02, 4.64663483e+02, 6.54447449e+02,
       4.67029694e+02, 7.11638245e+02, 4.69279968e+02, 7.68366272e+02,
       4.71463013e+02, 6.22807495e+02, 3.02393036e+02, 6.74615662e+02,
       3.04218170e+02, 7.26785950e+02, 3.05828125e+02, 7.78860291e+02,
       3.07446442e+02, 6.20873779e+02, 3.52669922e+02, 6.73293030e+02,
       3.54949066e+02, 7.26018494e+02, 3.56742493e+02, 7.78616882e+02,
       3.58598358e+02, 6.18920837e+02, 4.04102844e+02, 6.72058777e+02,
       4.06311890e+02, 7.25332764e+02, 4.08591736e+02, 7.78463318e+02,
       4.10489594e+02, 6.16983215e+02, 4.56733337e+02, 6.70693420e+02,
       4.59112549e+02, 7.24772461e+02, 4.61197968e+02, 7.78514282e+02,
       4.63301453e+02, 4.87708313e+02, 2.98172607e+02, 5.40469360e+02,
       3.07512543e+02, 5.90746399e+02, 3.16185364e+02, 6.38446106e+02,
       3.24426514e+02, 4.86424591e+02, 3.54509338e+02, 5.39369263e+02,
       3.62714905e+02, 5.90175659e+02, 3.70222748e+02, 6.38185120e+02,
       3.77260742e+02, 4.85243439e+02, 4.12593811e+02, 5.38757935e+02,
       4.19251831e+02, 5.89463806e+02, 4.25548462e+02, 6.38124390e+02,
       4.31186951e+02, 4.84400208e+02, 4.72367706e+02, 5.38347473e+02,
       4.77468292e+02, 5.89636108e+02, 4.82205658e+02, 6.38363037e+02,
       4.86549866e+02, 4.91370422e+02, 3.10494843e+02, 5.46009888e+02,
       3.20396973e+02, 5.96215698e+02, 3.28461365e+02, 6.46408203e+02,
       3.37977570e+02, 4.91160553e+02, 3.67735077e+02, 5.43044800e+02,
       3.74731598e+02, 5.96561951e+02, 3.83571655e+02, 6.44233276e+02,
       3.89160583e+02, 4.87509399e+02, 4.25113617e+02, 5.43882202e+02,
       4.32280975e+02, 5.93789673e+02, 4.38038696e+02, 6.45620911e+02,
       4.44748657e+02, 4.87529480e+02, 4.85603699e+02, 5.40898987e+02,
       4.90201019e+02, 5.95726074e+02, 4.95527588e+02, 6.43680420e+02,
       4.99267059e+02, 6.25117615e+02, 2.92393280e+02, 6.70504272e+02,
       2.96889893e+02, 7.16731079e+02, 3.01400177e+02, 7.63598816e+02,
       3.06058502e+02, 6.18856628e+02, 3.37155701e+02, 6.64812744e+02,
       3.42237610e+02, 7.11498352e+02, 3.47190643e+02, 7.58409729e+02,
       3.52238770e+02, 6.12718506e+02, 3.82421600e+02, 6.59121155e+02,
       3.87724884e+02, 7.06183777e+02, 3.93361572e+02, 7.53373840e+02,
       3.98560150e+02, 6.06340454e+02, 4.28268402e+02, 6.53303345e+02,
       4.34087433e+02, 7.00628357e+02, 4.39688660e+02, 7.48400452e+02,
       4.45429810e+02, 6.40614685e+02, 3.57983276e+02, 6.90522217e+02,
       3.61940948e+02, 7.40954651e+02, 3.66907104e+02, 7.91986633e+02,
       3.70165131e+02, 6.36114380e+02, 4.05837769e+02, 6.86189209e+02,
       4.11640717e+02, 7.37134155e+02, 4.15761475e+02, 7.88465149e+02,
       4.21271973e+02, 6.31132141e+02, 4.56637329e+02, 6.82426147e+02,
       4.60988007e+02, 7.34169922e+02, 4.66664917e+02, 7.85176208e+02,
       4.71355896e+02, 6.26247986e+02, 5.07387787e+02, 6.78366333e+02,
       5.12794006e+02, 7.30059326e+02, 5.18066711e+02, 7.83187866e+02,
       5.23426147e+02, 5.86588501e+02, 2.77473907e+02, 6.59255310e+02,
       2.88133118e+02, 7.33019897e+02, 2.96279633e+02, 8.01644165e+02,
       3.05828156e+02, 5.77741821e+02, 3.55393707e+02, 6.53665771e+02,
       3.62403961e+02, 7.24744873e+02, 3.71504364e+02, 7.95886719e+02,
       3.78339661e+02, 5.71790527e+02, 4.31841583e+02, 6.45471924e+02,
       4.39670624e+02, 7.18617126e+02, 4.45433350e+02, 7.87796936e+02,
       4.53231140e+02, 5.63604187e+02, 5.11695801e+02, 6.39775696e+02,
       5.15731567e+02, 7.11075928e+02, 5.22013062e+02, 7.82785950e+02,
       5.26305237e+02, 6.17702759e+02, 1.82528992e+02, 7.01575745e+02,
       2.03789978e+02, 7.80042175e+02, 2.22575363e+02, 8.54622986e+02,
