%YAML:1.0
---
calibration_time: "Sat Nov 19 04:39:38 2016"
nframes: 10
image_width: 1280
image_height: 720
board_width: 4
board_height: 4
square_size: 2.5000000372529030e-02
aspectRatio: 1.
flags: 2
camera_matrix: !!opencv-matrix
   rows: 3
   cols: 3
   dt: d
   data: [ 1.1266854516468620e+03, 0., 5.9128751667379879e+02, 0.,
       1.1266854516468620e+03, 3.8958862979038236e+02, 0., 0., 1. ]
distortion_coefficients: !!opencv-matrix
   rows: 5
   cols: 1
   dt: d
   data: [ -8.6835689336796373e-01, 5.0620813038860867e+01,
       2.7109585345368982e-02, -2.0288178255100240e-02,
       -6.8647091547077559e+02 ]
avg_reprojection_error: 2.6895997275017663e-01
per_view_reprojection_errors: !!opencv-matrix
   rows: 10
   cols: 1
   dt: f
   data: [ 2.20731258e-01, 1.46144196e-01, 3.36039931e-01,
       2.44925961e-01, 2.94265777e-01, 3.88678193e-01, 3.07333767e-01,
       2.23834828e-01, 2.06658721e-01, 2.35532835e-01 ]
extrinsic_parameters: !!opencv-matrix
   rows: 10
   cols: 6
   dt: d
   data: [ -9.8726609879165636e-02, 3.6960373664128193e-01,
       4.9648869402739222e-02, -2.4015284686098943e-02,
       2.6770666855473385e-02, 7.1907566869656858e-01,
       -8.7372923234236871e-02, 1.9944801130213421e-01,
       1.1958910982020557e-01, -6.9647600313968203e-02,
       -7.9756614088142885e-02, 8.0332486637946776e-01,
       -6.1217599329633533e-02, 4.4525185439793064e-01,
       9.9203770509866701e-02, 4.6236928224391557e-02,
       -1.9675903011609729e-02, 7.1003862271308360e-01,
       -9.3939603540215452e-02, 4.6158157901281216e-01,
       1.3218449212946959e-01, 4.9562386145221536e-02,
       -2.4294955926822379e-02, 7.1088815817286422e-01,
       -2.1832007964973928e-02, 5.5695761502849117e-01,
       1.3098887910333304e-01, 1.9796662388131579e-02,
       -3.0659856809706235e-02, 6.5961654013328741e-01,
       3.8025970982191355e-02, 6.1850609304215953e-01,
       1.3548104173223766e-01, 1.1020354982745301e-02,
       -3.5440811848254962e-02, 6.5562458782054711e-01,
       3.4962764860975888e-03, 6.3663343626722102e-01,
       1.4123075439187147e-01, 9.3353859836601948e-03,
       -3.7785534114922102e-02, 6.6227372210508573e-01,
       4.8932040010665596e-02, 5.1115067903907496e-01,
       1.0152136702155991e-01, 4.5358756265480218e-03,
       -4.3133145027116931e-02, 6.8239482606844915e-01,
       1.0371710635077313e-02, 5.5860763182391093e-01,
       7.2601714789182314e-02, 1.1246382405022577e-02,
       -4.7902237066912247e-02, 6.9441013075693248e-01,
       -4.3489190896269236e-02, 6.2663178593311186e-01,
       1.0004467863420130e-01, 1.0222466248832190e-02,
       -5.3709749068932243e-02, 7.0211194620770012e-01 ]
image_points: !!opencv-matrix
   rows: 10
   cols: 16
   dt: "2f"
   data: [ 5.53940247e+02, 4.31675629e+02, 5.89657349e+02,
       4.33317200e+02, 6.27561890e+02, 4.35030365e+02, 6.65620239e+02,
       4.36979065e+02, 5.50876648e+02, 4.70916382e+02, 5.87084473e+02,
       4.73320099e+02, 6.24568359e+02, 4.75376312e+02, 6.63038086e+02,
       4.77649292e+02, 5.47754517e+02, 5.11062775e+02, 5.84347412e+02,
       5.13536011e+02, 6.22109497e+02, 5.16312073e+02, 6.60760376e+02,
       5.19324707e+02, 5.44608154e+02, 5.51550964e+02, 5.81532227e+02,
       5.54714478e+02, 6.19622925e+02, 5.58038391e+02, 6.58165588e+02,
       5.61463928e+02, 4.93816895e+02, 2.78826874e+02, 5.27530884e+02,
       2.82298279e+02, 5.61558228e+02, 2.85188751e+02, 5.95851257e+02,
       2.88460602e+02, 4.89060089e+02, 3.12938263e+02, 5.22680359e+02,
       3.16025665e+02, 5.56930115e+02, 3.19532684e+02, 5.91336121e+02,
       3.23012390e+02, 4.84201263e+02, 3.47272095e+02, 5.18014160e+02,
       3.50774048e+02, 5.52421570e+02, 3.54390503e+02, 5.86783936e+02,
       3.58093170e+02, 4.79190125e+02, 3.82029694e+02, 5.13346680e+02,
       3.85828125e+02, 5.47812378e+02, 3.89438629e+02, 5.82328552e+02,
       3.93361511e+02, 6.64602173e+02, 3.58933899e+02, 7.00414917e+02,
       3.61575562e+02, 7.38177246e+02, 3.64883331e+02, 7.78564453e+02,
       3.68440063e+02, 6.59838257e+02, 3.97722900e+02, 6.96332031e+02,
       4.01089111e+02, 7.34283020e+02, 4.05158447e+02, 7.74472107e+02,
       4.09272430e+02, 6.56008667e+02, 4.37410767e+02, 6.92450195e+02,
       4.41527191e+02, 7.30509705e+02, 4.46001160e+02, 7.70284851e+02,
       4.50441803e+02, 6.51551636e+02, 4.77038483e+02, 6.88771423e+02,
       4.81946503e+02, 7.26969849e+02, 4.86716339e+02, 7.66499573e+02,
       4.92338898e+02, 6.69122253e+02, 3.51448364e+02, 7.05124817e+02,
       3.55178986e+02, 7.42984924e+02, 3.59506042e+02, 7.82694458e+02,
       3.63619751e+02, 6.63601013e+02, 3.90377136e+02, 7.00225769e+02,
       3.94725464e+02, 7.37480225e+02, 3.99371613e+02, 7.76778870e+02,
       4.04136444e+02, 6.58004883e+02, 4.29485474e+02, 6.94824707e+02,
       4.34634613e+02, 7.32201782e+02, 4.39612946e+02, 7.71358887e+02,
       4.45373352e+02, 6.51950195e+02, 4.68996002e+02, 6.89178284e+02,
       4.74682159e+02, 7.26914368e+02, 4.80756989e+02, 7.66294983e+02,
       4.86920837e+02, 6.24878601e+02, 3.37759338e+02, 6.61925049e+02,
       3.41763794e+02, 6.99689331e+02, 3.46332031e+02, 7.40106689e+02,
       3.51138184e+02, 6.19444763e+02, 3.79522400e+02, 6.56137939e+02,
       3.84538605e+02, 6.94306396e+02, 3.89649902e+02, 7.34024414e+02,
       3.95172241e+02, 6.14125427e+02, 4.22025970e+02, 6.50983398e+02,
       4.27724304e+02, 6.89170105e+02, 4.33937012e+02, 7.28295166e+02,
       4.40426941e+02, 6.07805298e+02, 4.64218903e+02, 6.45200378e+02,
       4.70647003e+02, 6.83612915e+02, 4.77823730e+02, 7.23124939e+02,
       4.85304535e+02, 6.10277344e+02, 3.29373627e+02, 6.45577759e+02,
       3.33930817e+02, 6.81960266e+02, 3.38951172e+02, 7.20899353e+02,
       3.44252441e+02, 6.05360596e+02, 3.71459106e+02, 6.40764771e+02,
       3.76941803e+02, 6.77483398e+02, 3.82929657e+02, 7.15671387e+02,
       3.89333771e+02, 6.00166260e+02, 4.13677155e+02, 6.35885315e+02,
       4.20346832e+02, 6.72432922e+02, 4.27309204e+02, 7.09838440e+02,
       4.34436371e+02, 5.94395691e+02, 4.55733276e+02, 6.30396362e+02,
       4.62969788e+02, 6.67439758e+02, 4.71015350e+02, 7.05230042e+02,
       4.79757019e+02, 6.07240784e+02, 3.25788330e+02, 6.41550842e+02,
       3.30194794e+02, 6.77276184e+02, 3.34854889e+02, 7.15341675e+02,
       3.39728485e+02, 6.01578491e+02, 3.67585754e+02, 6.36387268e+02,
       3.72909790e+02, 6.72005920e+02, 3.78330688e+02, 7.09374268e+02,
       3.84243866e+02, 5.96163208e+02, 4.09618683e+02, 6.30712708e+02,
       4.15769135e+02, 6.66525024e+02, 4.22382935e+02, 7.03437256e+02,
       4.29321228e+02, 5.89690308e+02, 4.51323120e+02, 6.24931641e+02,
       4.58353455e+02, 6.60936829e+02, 4.66014374e+02, 6.97861023e+02,
       4.73839966e+02, 5.98684021e+02, 3.18908569e+02, 6.34738098e+02,
       3.22410828e+02, 6.72230591e+02, 3.25935608e+02, 7.11236084e+02,
       3.29630127e+02, 5.95442017e+02, 3.59628357e+02, 6.31497742e+02,
       3.63638123e+02, 6.68458923e+02, 3.68138550e+02, 7.07236450e+02,
       3.72489319e+02, 5.91750854e+02, 4.00441467e+02, 6.28075684e+02,
       4.05234924e+02, 6.65270813e+02, 4.10143219e+02, 7.03247070e+02,
       4.15495422e+02, 5.87965332e+02, 4.41141815e+02, 6.24395508e+02,
       4.46449951e+02, 6.61720825e+02, 4.51852203e+02, 6.99848999e+02,
       4.58231445e+02, 6.09452332e+02, 3.12612946e+02, 6.44103516e+02,
       3.14316711e+02, 6.80297852e+02, 3.15920441e+02, 7.17803345e+02,
       3.17675873e+02, 6.06515686e+02, 3.52691223e+02, 6.41831421e+02,
       3.54949585e+02, 6.77721985e+02, 3.57286926e+02, 7.15372742e+02,
       3.59885223e+02, 6.04300781e+02, 3.92894501e+02, 6.39225098e+02,
       3.95896851e+02, 6.75203186e+02, 3.99181305e+02, 7.12322510e+02,
       4.02678925e+02, 6.01105835e+02, 4.32867828e+02, 6.36503235e+02,
       4.36777985e+02, 6.72561096e+02, 4.40833771e+02, 7.09826294e+02,
       4.45099640e+02, 6.07577454e+02, 3.04386719e+02, 6.40243347e+02,
       3.05962860e+02, 6.74345154e+02, 3.07465515e+02, 7.10538818e+02,
