%YAML:1.0
---
R: !!opencv-matrix
   rows: 3
   cols: 3
   dt: d
   data: [ 9.9950997569046574e-01, 3.1285614479523376e-02,
       -1.0093670706775525e-03, -3.1213096151461339e-02,
       9.9858342786954224e-01, 4.3091532961295073e-02,
       2.3560823169745319e-03, -4.3038911591179757e-02,
       9.9907061860769497e-01 ]
T: !!opencv-matrix
   rows: 3
   cols: 1
   dt: d
   data: [ -6.2949789015853446e+00, -3.7062736174917799e+00,
       2.6868826632783605e+00 ]
R1: !!opencv-matrix
   rows: 3
   cols: 3
   dt: d
   data: [ 7.9268904971525433e-01, 5.1565702844577788e-01,
       -3.2517979561466825e-01, -5.0941739360166838e-01,
       8.5329020881239248e-01, 1.1130920285846467e-01,
       3.3487010848627541e-01, 7.7418657695508708e-02,
       9.3907846417805563e-01 ]
R2: !!opencv-matrix
   rows: 3
   cols: 3
   dt: d
   data: [ 8.0876148558434624e-01, 4.7617178766235813e-01,
       -3.4520325616922487e-01, -4.8258441002707664e-01,
       8.7277843995498272e-01, 7.3280842984816380e-02,
       3.3618022939224085e-01, 1.0732298628057788e-01,
       9.3566266890455729e-01 ]
P1: !!opencv-matrix
   rows: 3
   cols: 4
   dt: d
   data: [ -2.4865496355640985e+03, 0., 1.5610450744628906e+03, 0., 0.,
       -2.4865496355640985e+03, 7.7555517673492432e+01, 0., 0., 0., 1.,
       0. ]
P2: !!opencv-matrix
   rows: 3
   cols: 4
   dt: d
   data: [ -2.4865496355640985e+03, 0., 1.5610450744628906e+03,
       1.9354009522734981e+04, 0., -2.4865496355640985e+03,
       7.7555517673492432e+01, 0., 0., 0., 1., 0. ]
Q: !!opencv-matrix
   rows: 4
   cols: 4
   dt: d
   data: [ 1., 0., 0., -1.5610450744628906e+03, 0., 1., 0.,
       -7.7555517673492432e+01, 0., 0., 0., -2.4865496355640985e+03, 0.,
       0., 1.2847723530585076e-01, 0. ]
