%YAML:1.0
---
images:
   - "IMG_20161119_003732.png"
   - "IMG_20161119_003742.png"
   - "IMG_20161119_003755.png"
