%YAML:1.0
---
M1: !!opencv-matrix
   rows: 3
   cols: 3
   dt: d
   data: [ 3.4628663638590792e+03, 0., 5.3933306203143957e+02, 0.,
       3.4885642817077869e+03, 3.6052629763783756e+02, 0., 0., 1. ]
D1: !!opencv-matrix
   rows: 1
   cols: 14
   dt: d
   data: [ -5.4128563108605361e+00, 5.7091635595457785e+02, 0., 0., 0.,
       0., 0., -9.2098896021488830e-01, 0., 0., 0., 0., 0., 0. ]
M2: !!opencv-matrix
   rows: 3
   cols: 3
   dt: d
   data: [ 3.4628663638590792e+03, 0., 5.4060886203666814e+02, 0.,
       3.4885642817077869e+03, 3.5983777285728496e+02, 0., 0., 1. ]
D2: !!opencv-matrix
   rows: 1
   cols: 14
   dt: d
   data: [ 5.8229742210452109e+00, -6.9095521612994901e+02, 0., 0., 0.,
       0., 0., 4.3192034132279158e+00, 0., 0., 0., 0., 0., 0. ]
